Enterprise data

 1	(91.5,94.7)
2	(85.9,88.2)
3	(85.9,88.2)
4	(83.2,81)
5	(88.2,82.2)
6	(81.4,75.5)
7	(77.3,71.2)
8	(68.7,67.9)
9	(66.3,77.9)
10	(49.6,75.2)
11	(60.4,66.1)
12	(64.4,64)
13	(58.5,61.9)
14	(54.3,61.5)
15	(40.8,69.8)
16	(33.3,73.9)
17	(22.9,66.4)
18	(21.9,72.3)
19	(78.1,84.7)
20	(37.5,52.3)
21	(49.4,55.1)
22	(49.2,52.3)
23	(66.4,45.6)
24	(70.3,47.1)
25	(76.4,47.7)
26	(49.7,44.4)
27	(84.4,44.8)
28	(65.5,42.4)
29	(49.4,40.5)
30	(41.9,41)
31	(62.8,36.8)
32	(73.8,35.8)
33	(66.3,34.7)
34	(46.9,34.6)
35	(43.34.1)
36	(49.5,69.7)
37	(67.7,29.3)
38	(65.2,25.8)
39	(57.6,29.5)
40	(46.4,29.5)
41	(38.7,29.4)
42	(43.9,23.6)
43	(29.7,41.3)
44	(50.7,39.5)
45	(53.1,35.6)
46	(40,76.5)
