1 35.00 35.00  
2 41.00 49.00
3 35.00 17.00    
4 55.00 45.00    
5 55.00 20.00
6 15.00 30.00 
7 25.00 30.00 
8 20.00 50.00 
9 10.00 43.00 
10 55.00 60.00 
11 30.00 60.00
12 20.00 65.00
13 50.00 35.00 
14 30.00 25.00
15 15.00 10.00
16 30.00 5.00
17 10.00 20.00
18 5.00 30.00
19 20.00 40.00 
20 15.00 60.00
21 45.00 65.00
22 45.00 20.00
23 45.00 10.00
24 55.00 5.00
25 65.00 35.00
26 65.00 20.00
27 45.00 30.00
28 35.00 40.00
29 41.00 37.00  
30 64.00 42.00
31 40.00 60.00
32 31.00 52.00
33 35.00 69.00
34 53.00 52.00
35 65.00 55.00 
36 63.00 65.00
37 2.00 60.00
38 20.00 20.00
39 5.00 5.00     
40 60.00 12.00
41 40.00 25.00 
42 42.00 7.00 
43 24.00 12.00 
44 23.00 3.00
45 11.00 14.00
46 6.00 38.00
47 2.00 48.00 
48 8.00 56.00
49 13.00 52.00 
50 6.00 68.00  
51 47.00 47.00 
52 49.00 58.00 
53 27.00 43.00 
54 37.00 31.00
55 57.00 29.00
56 63.00 23.00 
57 53.00 12.00 
58 32.00 12.00 
59 36.00 26.00
60 21.00 24.00
61 17.00 34.00
62 12.00 24.00
63 24.00 58.00
64 27.00 69.00
65 15.00 77.00 
66 62.00 77.00
67 49.00 73.00
68 67.00 5.00
69 56.00 39.00
70 37.00 47.00
71 37.00 56.00 
72 57.00 68.00
73 47.00 16.00
74 44.00 17.00 
75 46.00 13.00
76 49.00 11.00
77 49.00 42.00
78 53.00 43.00
79 61.00 52.00
80 57.00 48.00
81 56.00 37.00 
82 55.00 54.00   
82 59.30 73.17
84 14.00 37.00     
85 11.00 31.00      
86 16.00 22.00      
87 4.00 18.00      
88 28.00 18.00    
89 26.00 52.00      
90 26.00 35.00      
91 31.00 67.00     
92 15.00 19.00       
93 22.00 22.00      
94 18.00 24.00      
95 26.00 27.00    
96 25.00 24.00      
97 22.00 27.00      
98 25.00 21.00      
99 19.00 21.00      
100 20.00 26.00    
101 18.00 18.00    
102 40.00 50.00
103 52.00 75.00 
104 45.00 70.00
105 62.00 69.00 
106 60.00 66.00
107 42.00 65.00 
108 16.00 42.00
109 8.00 70.00
110 34.00 60.00
111 28.00 70.00
112 35.00 66.00 
113 35.00 69.00
114 25.00 85.00 
115 22.00 75.00
116 22.00 85.00
117 20.00 80.00
118 20.00 85.00
119 18.00 75.00 
120 15.00 75.00
121 15.00 80.00 
122 30.00 50.00
123 30.00 56.00 
124 28.00 52.00
125 14.00 66.00 
126 25.00 50.00 
127 22.00 66.00 
128 8.00 62.00 
129 23.00 52.00
130 4.00 55.00
131 20.00 50.00
132 20.00 55.00
133 10.00 35.00 
134 10.00 40.00
135 8.00 40.00
136 8.00 45.00
137 5.00 35.00
138 5.00 45.00
139 2.00 40.00
140 14.00 40.00
141 1.00 45.00
142 36.00 18.00
143 35.00 32.00
144 33.00 32.00 
145 33.00 35.00
146 32.00 20.00
147 30.00 30.00
148 34.00 25.00
149 30.00 35.00
150 36.00 40.00
151 48.00 20.00
152 26.00 32.00
153 25.00 30.00 
154 25.00 35.00
155 44.00 5.00
156 42.00 10.00 
157 42.00 15.00
158 40.00 5.00
159 38.00 15.00
160 38.00 5.00
161 38.00 10.00
162 35.00  5.00
163 50.00 30.00
164 50.00 35.00
165 50.00 40.00
166 48.00 30.00
167 44.00 25.00
168 47.00 35.00
169 47.00 40.00 
170 42.00 30.00
171 45.00 35.00 
172 95.00 30.00
173 95.00 35.00 
174 53.00 30.00
175 92.00 30.00
176 53.00 35.00
177 45.00 65.00
178 90.00 35.00 
179 72.00 45.00
180 78.00 40.00
181 87.00 30.00 
182 85.00 25.00 
183 85.00 35.00
184 75.00 55.00
185 72.00 55.00
186 70.00 58.00
187 86.00 46.00
188 66.00 55.00
189 64.00 46.00
190 65.00 60.00
191 56.00 64.00
192 60.00 55.00
193 60.00 60.00
194 67.00 85.00
195 42.00 58.00
196 65.00 82.00
197 62.00 80.00 
198 62.00 40.00 
199 60.00 85.00
200 58.00 75.00
201 55.00 80.01
202 55.00 85.00